dac_set_k0=557.4735057
dac_set_k1=560.4024752
dac_set_k2=545.5890539
dac_set_q1=657.6576447
dac_set_q2=644.8906944
dac_set_q3=639.6045990
adc_set_k0=0.005418467
adc_set_k1=0.005375249
adc_set_k2=0.005494268
adc_set_q0=0.062957057
adc_set_q1=0.101255702
adc_set_q2=0.056385336
adc_get_k3=0.020991287
adc_get_k4=0.029390766
adc_get_k5=0.031744210
adc_set_q3=0.290736644
adc_set_q4=0.140879132
adc_set_q5=0.003117899
dac_getallcoef=0
adc_getallcoef=0
