dac_set_k0=555.8774231
dac_set_k1=549.4971319
dac_set_k2=539.6963288
dac_set_q1=657.5303964
dac_set_q2=639.8176638
dac_set_q3=637.2486844
dac_getallcoef=0
